Sender: LSF System <lsfadmin@cudanode>
Subject: Job 14163: <#!/bin/bash;#BSUB -q gpu;#BSUB -o %J.out;#BSUB -e %J.err; /app/python3/bin/python3 tensor_real.py> in cluster <auzorrocluster> Exited

Job <#!/bin/bash;#BSUB -q gpu;#BSUB -o %J.out;#BSUB -e %J.err; /app/python3/bin/python3 tensor_real.py> was submitted from host <zorro> by user <yc6705a> in cluster <auzorrocluster> at Fri Oct  1 17:44:30 2021
Job was executed on host(s) <cudanode>, in queue <gpu>, as user <yc6705a> in cluster <auzorrocluster> at Fri Oct  1 17:44:31 2021
</home/yc6705a> was used as the home directory.
</home/yc6705a/DATA-793/GitHub/code> was used as the working directory.
Started at Fri Oct  1 17:44:31 2021
Terminated at Fri Oct  1 17:52:52 2021
Results reported at Fri Oct  1 17:52:52 2021

Your job looked like:

------------------------------------------------------------
# LSBATCH: User input
#!/bin/bash
#BSUB -q gpu
#BSUB -o %J.out
#BSUB -e %J.err

/app/python3/bin/python3 tensor_real.py

------------------------------------------------------------

Exited with exit code 1.

Resource usage summary:

    CPU time :                                   471.85 sec.
    Max Memory :                                 121184 MB
    Average Memory :                             69051.46 MB
    Total Requested Memory :                     -
    Delta Memory :                               -
    Max Swap :                                   -
    Max Processes :                              4
    Max Threads :                                28
    Run time :                                   501 sec.
    Turnaround time :                            502 sec.

The output (if any) follows:

Total image is 7000
U_real is
[array([[[-0.04080221,  0.01320603, -0.04130071],
        [-0.03989985,  0.01289491, -0.04052035],
        [-0.03989985,  0.01289491, -0.04052035],
        ...,
        [-0.04226176,  0.00201746, -0.02599541],
        [-0.04226803, -0.00489948, -0.03500889],
        [-0.041214  , -0.00655983, -0.03660094]],

       [[-0.03971959,  0.01171053, -0.04591799],
        [-0.04180895,  0.01496162, -0.04262775],
        [-0.04001909,  0.01428715, -0.04106351],
        ...,
        [-0.04102566,  0.00332763, -0.02551533],
        [-0.04116022,  0.0001213 , -0.03683805],
        [-0.04133319, -0.00438639, -0.03760212]],

       [[-0.05610418,  0.03271181, -0.058373  ],
        [-0.05739665,  0.03371463, -0.05380021],
        [-0.05423555,  0.03176818, -0.05142841],
        ...,
        [-0.05547034,  0.0244486 , -0.03882032],
        [-0.05777042,  0.02494772, -0.04868493],
        [-0.05837462,  0.02511277, -0.05468078]],

       ...,

       [[-0.03508656, -0.00264588, -0.04918585],
        [-0.03508656, -0.00264588, -0.04918585],
        [-0.0354745 , -0.00270149, -0.0496189 ],
        ...,
        [-0.042339  , -0.00885374, -0.04350393],
        [-0.04169849, -0.00836119, -0.03652894],
        [-0.042339  , -0.00885374, -0.04350393]],

       [[-0.03571681,  0.01657896, -0.05342779],
        [-0.03609368,  0.01666544, -0.05384284],
        [-0.03684743,  0.0168383 , -0.05467293],
        ...,
        [-0.04100938,  0.00179034, -0.03954216],
        [-0.0406325 ,  0.00170389, -0.03912714],
        [-0.04100938,  0.00179034, -0.03954216]],

       [[-0.03747943,  0.02464419, -0.04448977],
        [-0.03747943,  0.02464419, -0.04448977],
        [-0.03823838,  0.02495002, -0.04518063],
        ...,
        [-0.04129384,  0.00842189, -0.03450609],
        [-0.040909  ,  0.00681303, -0.04719654],
        [-0.04116278,  0.00969618, -0.04167775]]], dtype=float32)
 array([[[-3.9528470e-02, -9.9921846e-01,  2.4019923e-15],
        [-3.9528470e-02,  1.5637222e-03,  9.8740107e-01],
        [-3.9528470e-02,  1.5637222e-03, -2.4895978e-03],
        ...,
        [-3.9528470e-02,  1.5637222e-03,  3.7574556e-02],
        [-3.9528470e-02,  1.5637222e-03,  3.7574556e-02],
        [-3.9528470e-02,  1.5637222e-03,  3.7574556e-02]],

       [[-3.9528470e-02, -9.9921846e-01,  2.4019923e-15],
        [-3.9528470e-02,  1.5637222e-03,  9.8740107e-01],
        [-3.9528470e-02,  1.5637222e-03, -2.4895978e-03],
        ...,
        [-3.9528470e-02,  1.5637222e-03,  3.7574556e-02],
        [-3.9528470e-02,  1.5637222e-03,  3.7574556e-02],
        [-3.9528470e-02,  1.5637222e-03,  3.7574556e-02]],

       [[-3.9528470e-02, -9.9921846e-01,  2.4019923e-15],
        [-3.9528470e-02,  1.5637222e-03,  9.8740107e-01],
        [-3.9528470e-02,  1.5637222e-03, -2.4895978e-03],
        ...,
        [-3.9528470e-02,  1.5637222e-03,  3.7574556e-02],
        [-3.9528470e-02,  1.5637222e-03,  3.7574556e-02],
        [-3.9528470e-02,  1.5637222e-03,  3.7574556e-02]],

       ...,

       [[-3.9528470e-02, -9.9921846e-01,  2.4019923e-15],
        [-3.9528470e-02,  1.5637222e-03,  9.8740107e-01],
        [-3.9528470e-02,  1.5637222e-03, -2.4895978e-03],
        ...,
        [-3.9528470e-02,  1.5637222e-03,  3.7574556e-02],
        [-3.9528470e-02,  1.5637222e-03,  3.7574556e-02],
        [-3.9528470e-02,  1.5637222e-03,  3.7574556e-02]],

       [[-3.9528470e-02, -9.9921846e-01,  2.4019923e-15],
        [-3.9528470e-02,  1.5637222e-03,  9.8740107e-01],
        [-3.9528470e-02,  1.5637222e-03, -2.4895978e-03],
        ...,
        [-3.9528470e-02,  1.5637222e-03,  3.7574556e-02],
        [-3.9528470e-02,  1.5637222e-03,  3.7574556e-02],
        [-3.9528470e-02,  1.5637222e-03,  3.7574556e-02]],

       [[-3.9528470e-02, -9.9921846e-01,  2.4019923e-15],
        [-3.9528470e-02,  1.5637222e-03,  9.8740107e-01],
        [-3.9528470e-02,  1.5637222e-03, -2.4895978e-03],
        ...,
        [-3.9528470e-02,  1.5637222e-03,  3.7574556e-02],
        [-3.9528470e-02,  1.5637222e-03,  3.7574556e-02],
        [-3.9528470e-02,  1.5637222e-03,  3.7574556e-02]]], dtype=float32)
 array([[[-0.0405562 ,  0.00921508,  0.0171083 ],
        [-0.04042161,  0.01188411,  0.01273744],
        [-0.04015242,  0.01722221,  0.00399567],
        ...,
        [-0.04053706, -0.03100768,  0.02855674],
        [-0.04053706, -0.03100768,  0.02855674],
        [-0.04053706, -0.03100768,  0.02855674]],

       [[-0.05189928,  0.00792556,  0.04378705],
        [-0.05189928,  0.00792556,  0.04378705],
        [-0.05108782,  0.01576906,  0.04093549],
        ...,
        [-0.05525391, -0.06525286, -0.02848102],
        [-0.05525391, -0.06525286, -0.02848102],
        [-0.05525391, -0.06525286, -0.02848102]],

       [[-0.03511599,  0.0342652 ,  0.06046855],
        [-0.03409024,  0.03730592,  0.05920711],
        [-0.03318839,  0.03765303,  0.059584  ],
        ...,
        [-0.05618206, -0.0138375 , -0.06138666],
        [-0.05618206, -0.0138375 , -0.06138666],
        [-0.05618206, -0.0138375 , -0.06138666]],

       ...,

       [[-0.03541771,  0.07902545, -0.06029077],
        [-0.03658728,  0.07617974, -0.05831341],
        [-0.03775686,  0.07333403, -0.05633607],
        ...,
        [-0.04240433,  0.00927505, -0.0341984 ],
        [-0.04240433,  0.00927505, -0.0341984 ],
        [-0.04240433,  0.00927505, -0.0341984 ]],

       [[-0.03652114,  0.07753882, -0.05837556],
        [-0.03768866,  0.07464775, -0.05642028],
        [-0.03885617,  0.07175671, -0.05446498],
        ...,
        [-0.04116081,  0.01220483, -0.03572033],
        [-0.04174457,  0.01075928, -0.03474271],
        [-0.04232833,  0.00931376, -0.0337651 ]],

       [[-0.04120941,  0.06626844, -0.05201317],
        [-0.04120941,  0.06626844, -0.05201317],
        [-0.04120941,  0.06626844, -0.05201317],
        ...,
        [-0.04176254,  0.01034585, -0.03495913],
        [-0.04234654,  0.00888447, -0.03394898],
        [-0.04234654,  0.00888447, -0.03394898]]], dtype=float32)
 ...
 array([[[-0.03727769,  0.01033519, -0.00648221],
        [-0.03727769,  0.01033519, -0.00648221],
        [-0.03727769,  0.01033519, -0.00648221],
        ...,
        [-0.03727769,  0.01033519, -0.00648221],
        [-0.03727769,  0.01033519, -0.00648221],
        [-0.03727769,  0.01033519, -0.00648221]],

       [[-0.03727769,  0.01033519, -0.00648221],
        [-0.03727769,  0.01033519, -0.00648221],
        [-0.03727769,  0.01033519, -0.00648221],
        ...,
        [-0.03727769,  0.01033519, -0.00648221],
        [-0.03727769,  0.01033519, -0.00648221],
        [-0.03727769,  0.01033519, -0.00648221]],

       [[-0.03726807,  0.00196185,  0.9993034 ],
        [-0.03726807,  0.00196185, -0.00139373],
        [-0.03726807,  0.00196185, -0.00139373],
        ...,
        [-0.03726807,  0.00196185, -0.00139373],
        [-0.03726807,  0.00196185, -0.00139373],
        [-0.03726807,  0.00196185, -0.00139373]],

       ...,

       [[-0.03730784,  0.01869733, -0.00437016],
        [-0.03730784,  0.01869733, -0.00437016],
        [-0.03730784,  0.01869733, -0.00437016],
        ...,
        [-0.03730784,  0.01869733, -0.00437016],
        [-0.03730784,  0.01869733, -0.00437016],
        [-0.03730784,  0.01869733, -0.00437016]],

       [[-0.03730384,  0.01730467, -0.00521392],
        [-0.03730384,  0.01730467, -0.00521392],
        [-0.03730384,  0.01730467, -0.00521392],
        ...,
        [-0.03730384,  0.01730467, -0.00521392],
        [-0.03730384,  0.01730467, -0.00521392],
        [-0.03730384,  0.01730467, -0.00521392]],

       [[-0.03730384,  0.01730467, -0.00521392],
        [-0.03730384,  0.01730467, -0.00521392],
        [-0.03730384,  0.01730467, -0.00521392],
        ...,
        [-0.03730384,  0.01730467, -0.00521392],
        [-0.03730384,  0.01730467, -0.00521392],
        [-0.03730384,  0.01730467, -0.00521392]]], dtype=float32)
 array([[[-0.03430585, -0.00354015,  0.09171049],
        [-0.03448791, -0.00668309,  0.0564961 ],
        [-0.03376871,  0.03217073, -0.02221882],
        ...,
        [-0.03404068,  0.041125  , -0.05036987],
        [-0.03404068,  0.041125  , -0.05036987],
        [-0.03404068,  0.041125  , -0.05036987]],

       [[-0.03412451, -0.05042079,  0.11515704],
        [-0.03476289, -0.01758857,  0.07568027],
        [-0.03431746,  0.0280003 ,  0.00787832],
        ...,
        [-0.03413532,  0.01765489,  0.01454917],
        [-0.03413783,  0.02991933, -0.01202393],
        [-0.03413532,  0.01765489,  0.01454917]],

       [[-0.03421414, -0.02513358, -0.04761398],
        [-0.03494857, -0.0214519 , -0.04612434],
        [-0.03432402,  0.00091371, -0.01094105],
        ...,
        [-0.03467673, -0.01454352, -0.0572301 ],
        [-0.03449902, -0.006225  , -0.05052808],
        [-0.03467673, -0.01454352, -0.0572301 ]],

       ...,

       [[-0.05012356, -0.01036616, -0.04207916],
        [-0.05012356, -0.01036616, -0.04207916],
        [-0.04998874, -0.0106069 , -0.04946146],
        ...,
        [-0.05012356, -0.01036616, -0.04207916],
        [-0.05012356, -0.01036616, -0.04207916],
        [-0.05012356, -0.01036616, -0.04207916]],

       [[-0.04854274, -0.00877371, -0.03635673],
        [-0.04854274, -0.00877371, -0.03635673],
        [-0.04841272, -0.00903863, -0.04352575],
        ...,
        [-0.04854274, -0.00877371, -0.03635673],
        [-0.04854274, -0.00877371, -0.03635673],
        [-0.04854274, -0.00877371, -0.03635673]],

       [[-0.040338  ,  0.07898721, -0.02849198],
        [-0.04011536,  0.08171468, -0.02751628],
        [-0.04000782,  0.0827098 , -0.02180602],
        ...,
        [-0.040338  ,  0.07898721, -0.02849198],
        [-0.040338  ,  0.07898721, -0.02849198],
        [-0.040338  ,  0.07898721, -0.02849198]]], dtype=float32)
 array([[[-0.04057531, -0.00694916, -0.02541613],
        [-0.04319509, -0.00712363, -0.02514802],
        [-0.04481737,  0.00155934, -0.00462504],
        ...,
        [-0.04406757, -0.01202295,  0.02293322],
        [-0.04257055, -0.0119233 ,  0.0227801 ],
        [-0.0421963 , -0.01189837,  0.0227418 ]],

       [[-0.05061933,  0.02951815,  0.02777564],
        [-0.05329965,  0.0313495 ,  0.02769306],
        [-0.05524698,  0.04867328,  0.01644205],
        ...,
        [-0.05509294,  0.02671716, -0.01983425],
        [-0.05509294,  0.02671716, -0.01983425],
        [-0.05509294,  0.02671716, -0.01983425]],

       [[-0.04640083,  0.02798383,  0.02617689],
        [-0.04896646,  0.02981149,  0.02599104],
        [-0.05288318,  0.04878883,  0.01413137],
        ...,
        [-0.0522221 ,  0.02608429, -0.02174492],
        [-0.04914335,  0.0238911 , -0.02152191],
        [-0.04709085,  0.02242898, -0.02137323]],

       ...,

       [[-0.0424746 ,  0.15390657,  0.01256168],
        [-0.04444807,  0.15041694, -0.00869083],
        [-0.04628046,  0.14737281, -0.01755599],
        ...,
        [-0.04751972,  0.12557648, -0.03020244],
        [-0.04420969,  0.11768632, -0.04952945],
        [-0.0409162 ,  0.10719871, -0.0482801 ]],

       [[-0.04053161,  0.15084036, -0.0066437 ],
        [-0.04204968,  0.14535749, -0.02735056],
        [-0.04423176,  0.14317793, -0.03619678],
        ...,
        [-0.04583379,  0.12178849, -0.04628548],
        [-0.04261354,  0.11367844, -0.06492785],
        [-0.03940883,  0.1033048 , -0.06230529]],

       [[-0.04859851,  0.00927229, -0.09391953],
        [-0.05091546,  0.00663953, -0.06578299],
        [-0.05306416,  0.00419472, -0.05491928],
        ...,
        [-0.05489597, -0.00330319, -0.03499966],
        [-0.05094712, -0.00271056, -0.00256256],
        [-0.0469951 , -0.00302296,  0.00152773]]], dtype=float32)]
S_real is
[array([[50.356712 ,  5.9625955,  2.9730952],
       [50.764286 ,  6.2030187,  2.9464116],
       [35.504883 ,  8.907287 ,  3.3425562],
       ...,
       [58.658195 ,  3.0933752,  1.7040462],
       [60.395325 ,  2.6656804,  1.2430271],
       [59.97757  ,  2.5602186,  1.3969139]], dtype=float32)
 array([[6.5503960e+01, 9.8656997e-14, 3.0845489e-30],
       [6.5503960e+01, 9.8656997e-14, 3.0845489e-30],
       [6.5503960e+01, 9.8656997e-14, 3.0845489e-30],
       ...,
       [6.5503960e+01, 9.8656997e-14, 3.0845489e-30],
       [6.5503960e+01, 9.8656997e-14, 3.0845489e-30],
       [6.5503960e+01, 9.8656997e-14, 3.0845489e-30]], dtype=float32)
 array([[50.605793 ,  3.4977167,  1.5229802],
       [30.35978  ,  4.2422986,  2.8157506],
       [25.243721 , 10.892767 ,  2.6343422],
       ...,
       [39.27163  ,  1.5979793,  1.0068777],
       [39.34184  ,  1.5617756,  1.0416278],
       [39.325    ,  1.5374913,  1.0418708]], dtype=float32)
 ...
 array([[9.1189697e+01, 1.0081256e-01, 4.1018900e-02],
       [9.1189697e+01, 1.0081256e-01, 4.1018900e-02],
       [9.1213257e+01, 1.7560191e-02, 1.7029707e-13],
       ...,
       [9.1115913e+01, 2.7069771e-01, 2.1401390e-02],
       [9.1125702e+01, 2.5955275e-01, 2.6130239e-02],
       [9.1125702e+01, 2.5955275e-01, 2.6130239e-02]], dtype=float32)
 array([[84.09916   ,  0.81678814,  0.6029038 ],
       [83.865845  ,  0.96450484,  0.5400105 ],
       [82.97815   ,  2.579302  ,  0.5578847 ],
       ...,
       [58.288326  ,  7.7731266 ,  1.4056592 ],
       [60.196865  ,  7.459595  ,  1.448107  ],
       [72.157776  ,  3.3768454 ,  1.7638009 ]], dtype=float32)
 array([[58.16069   ,  1.987264  ,  0.5289691 ],
       [40.589325  ,  1.6564639 ,  0.5341288 ],
       [42.40431   ,  1.633978  ,  0.53237486],
       ...,
       [52.403515  ,  2.2046719 ,  0.81658757],
       [53.88546   ,  2.1506839 ,  0.8028426 ],
       [44.054493  ,  7.2891393 ,  0.58215404]], dtype=float32)]
V_real is
[array([[[ 0.6196186 ,  0.5277476 ,  0.580995  ],
        [ 0.76004755, -0.21861896, -0.6119914 ],
        [-0.19596046,  0.8207851 , -0.53657365]],

       [[ 0.6231338 ,  0.5265592 ,  0.5783076 ],
        [ 0.75958014, -0.2312207 , -0.6079268 ],
        [-0.18639274,  0.81809074, -0.5440453 ]],

       [[ 0.6987553 ,  0.46656734,  0.54226923],
        [ 0.71426266, -0.413053  , -0.5649921 ],
        [-0.03962089,  0.78211385, -0.62187463]],

       ...,

       [[ 0.56086844,  0.56619406,  0.6040289 ],
        [ 0.7537849 , -0.6509657 , -0.08973289],
        [ 0.3423958 ,  0.5056362 , -0.7918947 ]],

       [[ 0.563343  ,  0.571263  ,  0.59691143],
        [-0.77790827,  0.61015767,  0.1502211 ],
        [ 0.27839434,  0.5489683 , -0.78811824]],

       [[ 0.5599151 ,  0.57349944,  0.59799117],
        [-0.8097172 ,  0.5317541 ,  0.2481847 ],
        [ 0.17565048,  0.6231661 , -0.7621095 ]]], dtype=float32)
 array([[[ 0.57735026,  0.57735026,  0.57735026],
        [ 0.8164966 , -0.4082483 , -0.4082483 ],
        [-0.        ,  0.70710677, -0.70710677]],

       [[ 0.57735026,  0.57735026,  0.57735026],
        [ 0.8164966 , -0.4082483 , -0.4082483 ],
        [-0.        ,  0.70710677, -0.70710677]],

       [[ 0.57735026,  0.57735026,  0.57735026],
        [ 0.8164966 , -0.4082483 , -0.4082483 ],
        [-0.        ,  0.70710677, -0.70710677]],

       ...,

       [[ 0.57735026,  0.57735026,  0.57735026],
        [ 0.8164966 , -0.4082483 , -0.4082483 ],
        [-0.        ,  0.70710677, -0.70710677]],

       [[ 0.57735026,  0.57735026,  0.57735026],
        [ 0.8164966 , -0.4082483 , -0.4082483 ],
        [-0.        ,  0.70710677, -0.70710677]],

       [[ 0.57735026,  0.57735026,  0.57735026],
        [ 0.8164966 , -0.4082483 , -0.4082483 ],
        [-0.        ,  0.70710677, -0.70710677]]], dtype=float32)
 array([[[ 0.594066  ,  0.6214833 ,  0.5107289 ],
        [-0.7070181 ,  0.10056731,  0.70000833],
        [-0.38368088,  0.7769457 , -0.49914357]],

       [[ 0.6392604 ,  0.6551363 ,  0.40266937],
        [-0.24813275, -0.3198925 ,  0.9143844 ],
        [-0.72785735,  0.6844452 ,  0.04193384]],

       [[ 0.64767325,  0.62808836,  0.43130538],
        [-0.1780143 , -0.42566848,  0.8871963 ],
        [-0.7408308 ,  0.65139186,  0.16388538]],

       ...,

       [[ 0.6330387 ,  0.60070133,  0.48828262],
        [-0.6857655 ,  0.14252214,  0.7137318 ],
        [-0.3591486 ,  0.7866672 , -0.5021623 ]],

       [[ 0.63307506,  0.60046315,  0.48852834],
        [-0.69058084,  0.15296833,  0.7068938 ],
        [-0.3497343 ,  0.7848851 , -0.51150876]],

       [[ 0.63321996,  0.6004354 ,  0.4883747 ],
        [-0.69563943,  0.16490985,  0.69920707],
        [-0.33929086,  0.7824846 , -0.5221107 ]]], dtype=float32)
 ...
 array([[[ 5.77453792e-01,  5.77093542e-01,  5.77503383e-01],
        [ 5.02031028e-01, -8.08811486e-01,  3.06249559e-01],
        [ 6.43826008e-01,  1.13079645e-01, -7.56770134e-01]],

       [[ 5.77453792e-01,  5.77093542e-01,  5.77503383e-01],
        [ 5.02031028e-01, -8.08811486e-01,  3.06249559e-01],
        [ 6.43826008e-01,  1.13079645e-01, -7.56770134e-01]],

       [[ 5.77354431e-01,  5.77341974e-01,  5.77354431e-01],
        [ 4.08242434e-01, -8.16502452e-01,  4.08242434e-01],
        [-7.07106769e-01,  1.57651669e-14,  7.07106769e-01]],

       ...,

       [[ 5.76133788e-01,  5.77945113e-01,  5.77969968e-01],
        [-8.17337155e-01,  4.12091255e-01,  4.02667016e-01],
        [ 5.45694353e-03,  7.04386413e-01, -7.09795713e-01]],

       [[ 5.76270640e-01,  5.77870667e-01,  5.77907979e-01],
        [-8.17214847e-01,  4.14792836e-01,  4.00133491e-01],
        [ 8.48667230e-03,  7.02860177e-01, -7.11277425e-01]],

       [[ 5.76270640e-01,  5.77870667e-01,  5.77907979e-01],
        [-8.17214847e-01,  4.14792836e-01,  4.00133491e-01],
        [ 8.48667230e-03,  7.02860177e-01, -7.11277425e-01]]],
      dtype=float32)
 array([[[ 0.5749904 ,  0.5821411 ,  0.57488936],
        [-0.75134903,  0.09760278,  0.65264714],
        [-0.32382193,  0.8072084 , -0.49351183]],

       [[ 0.5752009 ,  0.5863761 ,  0.5703569 ],
        [-0.6270317 , -0.13172019,  0.7677767 ],
        [-0.5253334 ,  0.79925776, -0.2919108 ]],

       [[ 0.576948  ,  0.5939812 ,  0.5606401 ],
        [-0.50797015, -0.27657235,  0.8157659 ],
        [ 0.6396072 , -0.755443  ,  0.14215685]],

       ...,

       [[ 0.55038273,  0.5830677 ,  0.5975876 ],
        [ 0.78845   , -0.5984135 , -0.14229493],
        [ 0.2746369 ,  0.5494846 , -0.7890762 ]],

       [[ 0.5551169 ,  0.58104134,  0.5951775 ],
        [ 0.7871806 , -0.5981358 , -0.15026712],
        [ 0.26868558,  0.551928  , -0.7894198 ]],

       [[ 0.5029401 ,  0.6315815 ,  0.59004754],
        [-0.8583896 ,  0.4448308 ,  0.2555246 ],
        [-0.10108671, -0.6350043 ,  0.7658662 ]]], dtype=float32)
 array([[[ 0.5793446 ,  0.5765354 ,  0.5761656 ],
        [-0.7172454 ,  0.02480787,  0.6963789 ],
        [ 0.38719365, -0.8166955 ,  0.42788967]],

       [[ 0.5572199 ,  0.57752115,  0.59663665],
        [-0.7355724 ,  0.00992133,  0.67737347],
        [-0.38527805,  0.8163155 , -0.43033695]],

       [[ 0.5576554 ,  0.5772614 ,  0.59648114],
        [-0.73800915,  0.01587896,  0.6746038 ],
        [-0.37995124,  0.816405  , -0.43487918]],

       ...,

       [[ 0.47127298,  0.58823127,  0.65718013],
        [-0.84197176,  0.07815961,  0.5338302 ],
        [-0.2626507 ,  0.80490685, -0.5321086 ]],

       [[ 0.47476515,  0.58813614,  0.65474725],
        [-0.85223955,  0.12147391,  0.5088535 ],
        [-0.21974042,  0.79958737, -0.5589044 ]],

       [[ 0.5631885 ,  0.5898226 ,  0.5787296 ],
        [-0.7656385 ,  0.10902333,  0.633965  ],
        [ 0.31083187, -0.8001395 ,  0.51299155]]], dtype=float32)]
One of the shape in U_real is (480, 720, 3)
One of the shape in S_real is (480, 3)
One of the shape in V_real is (720, 3, 3)
object float32
1.7.0


PS:

Read file <14163.err> for stderr output of this job.

