Sender: LSF System <lsfadmin@cudanode>
Subject: Job 14251: <#!/bin/bash;#BSUB -q gpu;#BSUB -o %J.out;#BSUB -e %J.err; /app/python3/bin/python3 D_fake.py> in cluster <auzorrocluster> Done

Job <#!/bin/bash;#BSUB -q gpu;#BSUB -o %J.out;#BSUB -e %J.err; /app/python3/bin/python3 D_fake.py> was submitted from host <zorro> by user <yc6705a> in cluster <auzorrocluster> at Sun Oct  3 13:01:19 2021
Job was executed on host(s) <cudanode>, in queue <gpu>, as user <yc6705a> in cluster <auzorrocluster> at Sun Oct  3 13:01:20 2021
</home/yc6705a> was used as the home directory.
</home/yc6705a/DATA-793/GitHub/code> was used as the working directory.
Started at Sun Oct  3 13:01:20 2021
Terminated at Sun Oct  3 13:05:19 2021
Results reported at Sun Oct  3 13:05:19 2021

Your job looked like:

------------------------------------------------------------
# LSBATCH: User input
#!/bin/bash
#BSUB -q gpu
#BSUB -o %J.out
#BSUB -e %J.err

/app/python3/bin/python3 D_fake.py

------------------------------------------------------------

Successfully completed.

Resource usage summary:

    CPU time :                                   1126.35 sec.
    Max Memory :                                 116354 MB
    Average Memory :                             37038.40 MB
    Total Requested Memory :                     -
    Delta Memory :                               -
    Max Swap :                                   2 MB
    Max Processes :                              4
    Max Threads :                                51
    Run time :                                   239 sec.
    Turnaround time :                            240 sec.

The output (if any) follows:

Total image is 7000
[array([[[33, 38, 36],
        [33, 38, 36],
        [33, 38, 36],
        ...,
        [ 4,  4,  4],
        [ 4,  4,  4],
        [ 4,  4,  4]],

       [[33, 38, 36],
        [33, 38, 36],
        [33, 38, 36],
        ...,
        [ 4,  4,  4],
        [ 4,  4,  4],
        [ 4,  4,  4]],

       [[33, 38, 36],
        [33, 38, 36],
        [33, 38, 36],
        ...,
        [ 4,  4,  4],
        [ 4,  4,  4],
        [ 4,  4,  4]],

       ...,

       [[35, 29, 24],
        [35, 29, 24],
        [35, 29, 24],
        ...,
        [49, 33, 20],
        [51, 35, 22],
        [51, 35, 22]],

       [[35, 29, 24],
        [35, 29, 24],
        [35, 29, 24],
        ...,
        [49, 33, 21],
        [51, 35, 22],
        [51, 35, 22]],

       [[35, 29, 24],
        [35, 29, 24],
        [35, 29, 24],
        ...,
        [49, 33, 21],
        [51, 35, 22],
        [51, 35, 22]]], dtype=uint8)
 array([[[0, 3, 4],
        [0, 3, 4],
        [2, 4, 5],
        ...,
        [1, 1, 1],
        [0, 2, 3],
        [0, 1, 5]],

       [[0, 3, 4],
        [0, 3, 4],
        [0, 2, 3],
        ...,
        [3, 3, 3],
        [0, 1, 2],
        [0, 0, 3]],

       [[1, 3, 3],
        [0, 2, 2],
        [1, 1, 1],
        ...,
        [2, 2, 2],
        [0, 2, 3],
        [0, 1, 2]],

       ...,

       [[2, 0, 0],
        [2, 0, 0],
        [3, 0, 2],
        ...,
        [2, 0, 0],
        [2, 0, 0],
        [2, 0, 0]],

       [[2, 0, 0],
        [2, 0, 0],
        [3, 0, 2],
        ...,
        [2, 0, 0],
        [2, 0, 0],
        [2, 0, 0]],

       [[2, 0, 0],
        [2, 0, 0],
        [3, 0, 2],
        ...,
        [2, 0, 0],
        [2, 0, 0],
        [2, 0, 0]]], dtype=uint8)
 array([[[ 78,  65,  87],
        [ 78,  65,  87],
        [ 79,  66,  88],
        ...,
        [ 16,   0,   1],
        [ 16,   0,   1],
        [ 16,   0,   1]],

       [[ 76,  63,  85],
        [ 76,  63,  85],
        [ 76,  63,  85],
        ...,
        [ 16,   0,   1],
        [ 16,   0,   1],
        [ 16,   0,   1]],

       [[ 77,  64,  86],
        [ 77,  64,  86],
        [ 77,  64,  86],
        ...,
        [ 16,   0,   1],
        [ 16,   0,   1],
        [ 16,   0,   1]],

       ...,

       [[ 82,  79,  81],
        [ 81,  78,  80],
        [ 80,  77,  79],
        ...,
        [254, 249, 248],
        [254, 249, 248],
        [254, 249, 248]],

       [[ 59,  56,  58],
        [ 56,  53,  55],
        [ 53,  50,  52],
        ...,
        [254, 249, 248],
        [254, 249, 248],
        [254, 249, 248]],

       [[ 61,  58,  60],
        [ 60,  57,  59],
        [ 59,  56,  58],
        ...,
        [253, 248, 247],
        [253, 248, 247],
        [253, 248, 247]]], dtype=uint8)
 ...
 array([[[244, 195, 145],
        [244, 195, 145],
        [244, 195, 145],
        ...,
        [117,  87,  52],
        [119,  87,  52],
        [119,  87,  52]],

       [[244, 195, 145],
        [244, 195, 145],
        [244, 195, 145],
        ...,
        [117,  87,  52],
        [119,  87,  52],
        [119,  87,  52]],

       [[244, 195, 145],
        [244, 195, 145],
        [244, 195, 145],
        ...,
        [117,  87,  52],
        [119,  87,  52],
        [119,  87,  52]],

       ...,

       [[119, 107,  89],
        [119, 107,  89],
        [121, 107,  89],
        ...,
        [ 35,  97, 121],
        [ 33,  93, 117],
        [ 28,  88, 112]],

       [[122, 108,  89],
        [121, 107,  88],
        [121, 107,  88],
        ...,
        [ 29,  92, 113],
        [ 27,  87, 109],
        [ 22,  82, 104]],

       [[121, 107,  88],
        [121, 107,  88],
        [121, 107,  88],
        ...,
        [ 28,  91, 112],
        [ 25,  85, 107],
        [ 20,  80, 102]]], dtype=uint8)
 array([[[ 75, 155, 208],
        [ 75, 155, 208],
        [ 75, 155, 208],
        ...,
        [255, 253, 255],
        [255, 253, 255],
        [255, 253, 255]],

       [[ 75, 155, 208],
        [ 75, 155, 208],
        [ 75, 155, 208],
        ...,
        [255, 253, 255],
        [255, 253, 255],
        [255, 253, 255]],

       [[ 75, 155, 208],
        [ 75, 155, 208],
        [ 75, 155, 208],
        ...,
        [254, 253, 255],
        [255, 253, 255],
        [254, 253, 255]],

       ...,

       [[ 98, 122, 152],
        [ 99, 123, 153],
        [ 93, 117, 147],
        ...,
        [ 59, 111, 151],
        [ 59, 111, 151],
        [ 59, 111, 151]],

       [[ 98, 122, 152],
        [ 97, 121, 151],
        [ 89, 113, 143],
        ...,
        [ 59, 111, 151],
        [ 59, 111, 151],
        [ 59, 111, 151]],

       [[ 98, 122, 152],
        [ 96, 120, 150],
        [ 87, 111, 141],
        ...,
        [ 59, 111, 151],
        [ 59, 111, 151],
        [ 59, 111, 151]]], dtype=uint8)
 array([[[ 0,  3,  0],
        [ 9,  2,  0],
        [33,  5,  5],
        ...,
        [45, 19, 35],
        [40, 14, 30],
        [34,  8, 24]],

       [[ 0,  3,  0],
        [ 9,  2,  0],
        [33,  5,  5],
        ...,
        [44, 18, 34],
        [41, 15, 31],
        [34,  8, 24]],

       [[ 1,  2,  0],
        [11,  2,  0],
        [35,  4,  5],
        ...,
        [44, 18, 34],
        [41, 15, 31],
        [34,  8, 24]],

       ...,

       [[ 5,  0,  0],
        [ 6,  0,  1],
        [ 9,  2,  5],
        ...,
        [64, 62, 68],
        [56, 54, 60],
        [37, 35, 41]],

       [[ 5,  0,  0],
        [ 6,  0,  1],
        [ 9,  2,  5],
        ...,
        [64, 62, 68],
        [56, 54, 60],
        [37, 35, 41]],

       [[ 5,  0,  0],
        [ 6,  0,  1],
        [ 9,  2,  5],
        ...,
        [64, 62, 68],
        [56, 54, 60],
        [37, 35, 41]]], dtype=uint8)]
U_fake is
[array([[[-1.2639270e-03,  8.3143814e-03, -4.8951143e-03, ...,
         -3.2690588e-02, -3.2690588e-02, -3.2690588e-02],
        [-1.2639270e-03,  8.3143814e-03, -4.8951143e-03, ...,
         -1.3657435e-02, -1.3657435e-02, -1.3657435e-02],
        [-1.2639270e-03,  8.3143814e-03, -4.8951143e-03, ...,
         -1.7477548e-02, -1.7477548e-02, -1.7477548e-02],
        ...,
        [-2.3804415e-02,  2.0580765e-02, -2.3885747e-02, ...,
          9.9845928e-01, -1.5407404e-03, -1.5407404e-03],
        [-2.3804415e-02,  2.0580765e-02, -2.3885747e-02, ...,
         -1.5407404e-03,  9.9845928e-01, -1.5407404e-03],
        [-2.3804415e-02,  2.0580765e-02, -2.3885747e-02, ...,
         -1.5407404e-03, -1.5407404e-03,  9.9845928e-01]],

       [[-1.3454802e-03,  8.3015291e-03, -5.5567166e-03, ...,
         -3.4066942e-02, -3.4066942e-02, -3.4066942e-02],
        [-1.3454802e-03,  8.3015291e-03, -5.5567166e-03, ...,
         -1.2830191e-02, -1.2830191e-02, -1.2830191e-02],
        [-1.3454802e-03,  8.3015291e-03, -5.5567166e-03, ...,
         -1.8856909e-02, -1.8856909e-02, -1.8856909e-02],
        ...,
        [-2.5165323e-02,  1.9748729e-02, -2.5642531e-02, ...,
          9.9834120e-01, -1.6588102e-03, -1.6588102e-03],
        [-2.5165323e-02,  1.9748729e-02, -2.5642531e-02, ...,
         -1.6588102e-03,  9.9834120e-01, -1.6588102e-03],
        [-2.5165323e-02,  1.9748729e-02, -2.5642531e-02, ...,
         -1.6588102e-03, -1.6588102e-03,  9.9834120e-01]],

       [[-1.4969339e-03,  8.3406996e-03, -6.6174888e-03, ...,
         -3.6133181e-02, -3.6133181e-02, -3.6133181e-02],
        [-1.4969339e-03,  8.3406996e-03, -6.6174888e-03, ...,
         -1.1214744e-02, -1.1214744e-02, -1.1214744e-02],
        [-1.4969339e-03,  8.3406996e-03, -6.6174888e-03, ...,
         -2.0797540e-02, -2.0797540e-02, -2.0797540e-02],
        ...,
        [-2.7545460e-02,  1.8198581e-02, -2.7822372e-02, ...,
          9.9816126e-01, -1.8387428e-03, -1.8387428e-03],
        [-2.7545460e-02,  1.8198581e-02, -2.7822372e-02, ...,
         -1.8387428e-03,  9.9816126e-01, -1.8387428e-03],
        [-2.7545460e-02,  1.8198581e-02, -2.7822372e-02, ...,
         -1.8387428e-03, -1.8387428e-03,  9.9816126e-01]],

       ...,

       [[-4.2556287e-03,  1.8776303e-02, -9.0421131e-03, ...,
          4.2686136e-03,  5.2129356e-03,  5.2129356e-03],
        [-4.2556287e-03,  1.8776303e-02, -9.0421131e-03, ...,
         -3.1415477e-02, -3.0718692e-02, -3.0718692e-02],
        [-4.2556287e-03,  1.8776303e-02, -9.0421131e-03, ...,
         -3.6075730e-02, -3.5578363e-02, -3.5578363e-02],
        ...,
        [-1.4309863e-03,  4.3145511e-02, -2.1018988e-02, ...,
          9.9775529e-01, -2.2110094e-03, -2.2110094e-03],
        [-3.8071215e-04,  4.2455662e-02, -2.0803098e-02, ...,
         -2.2100811e-03,  9.9782205e-01, -2.1779579e-03],
        [-3.8071215e-04,  4.2455662e-02, -2.0803098e-02, ...,
         -2.2100811e-03, -2.1779579e-03,  9.9782205e-01]],

       [[-3.7442651e-03,  1.8465037e-02, -8.9889681e-03, ...,
          3.7409626e-03,  4.5297579e-03,  4.5297579e-03],
        [-3.7442651e-03,  1.8465037e-02, -8.9889681e-03, ...,
         -3.0419568e-02, -2.9770667e-02, -2.9770667e-02],
        [-3.7442651e-03,  1.8465037e-02, -8.9889681e-03, ...,
         -3.1392869e-02, -3.4056786e-02, -3.4056786e-02],
        ...,
        [-1.0672242e-03,  4.0553819e-02, -1.6677210e-02, ...,
          9.9812615e-01, -1.9395992e-03, -1.9395992e-03],
        [-2.7224285e-04,  4.1119196e-02, -1.9357836e-02, ...,
         -1.9388725e-03,  9.9798727e-01, -2.0127364e-03],
        [-2.7224285e-04,  4.1119196e-02, -1.9357836e-02, ...,
         -1.9388725e-03, -2.0127364e-03,  9.9798727e-01]],

       [[-3.7411710e-03,  1.7506944e-02, -8.4235305e-03, ...,
          3.8251649e-03,  4.6166428e-03,  4.6166428e-03],
        [-3.7411710e-03,  1.7506944e-02, -8.4235305e-03, ...,
         -2.8666276e-02, -2.8033232e-02, -2.8033232e-02],
        [-3.7411710e-03,  1.7506944e-02, -8.4235305e-03, ...,
         -2.9107325e-02, -3.1525791e-02, -3.1525791e-02],
        ...,
        [-1.0348280e-03,  3.8142093e-02, -1.5065157e-02, ...,
          9.9835837e-01, -1.6961364e-03, -1.6961364e-03],
        [-2.3588403e-04,  3.8645793e-02, -1.7511057e-02, ...,
         -1.6955034e-03,  9.9824315e-01, -1.7568556e-03],
        [-2.3588403e-04,  3.8645793e-02, -1.7511057e-02, ...,
         -1.6955034e-03, -1.7568556e-03,  9.9824315e-01]]], dtype=float32)
 array([[[-0.04013028,  0.21157566,  0.20251113, ..., -0.01285473,
         -0.06804286, -0.04208059],
        [-0.04013028,  0.21157566,  0.20251113, ...,  0.07155342,
         -0.16645609, -0.050588  ],
        [-0.03907719,  0.20777579,  0.06224751, ..., -0.32201466,
         -0.13583986, -0.21017945],
        ...,
        [-0.04056806,  0.22423775, -0.24433875, ...,  0.89834154,
         -0.03365388, -0.06186285],
        [-0.04050291,  0.21565637,  0.0536605 , ..., -0.02346769,
          0.9631004 , -0.02875594],
        [-0.04077731,  0.20665644, -0.08141614, ..., -0.05676079,
         -0.03335351,  0.95821595]],

       [[-0.04595765,  0.06083571,  0.08687357, ..., -0.05073292,
         -0.05366913, -0.05336611],
        [-0.04595765,  0.06083571,  0.08687357, ...,  0.00869728,
         -0.01026698,  0.00939386],
        [-0.04632821,  0.06189851,  0.06535006, ..., -0.06050055,
         -0.07169246, -0.0603614 ],
        ...,
        [-0.04456929,  0.06163418,  0.0217086 , ...,  0.9943587 ,
         -0.00608447, -0.00576047],
        [-0.04669876,  0.06296132,  0.04382648, ..., -0.00614992,
          0.9929661 , -0.0062589 ],
        [-0.04719918,  0.06206911,  0.02111978, ..., -0.00576378,
         -0.00619728,  0.9941097 ]],

       [[ 0.00292972,  0.21573824, -0.02872853, ..., -0.10515529,
         -0.103428  , -0.10611071],
        [ 0.00299166,  0.21961685, -0.03003914, ..., -0.01295692,
         -0.05234268, -0.03275469],
        [ 0.00352519,  0.2207274 , -0.07458138, ..., -0.20924656,
         -0.1909786 , -0.2031882 ],
        ...,
        [ 0.00346324,  0.21684878, -0.07327083, ...,  0.9584278 ,
         -0.03736394, -0.04009955],
        [ 0.00246206,  0.21842869, -0.02975146, ..., -0.03924189,
          0.96306884, -0.03868034],
        [ 0.0027598 ,  0.22092326, -0.05267792, ..., -0.04103941,
         -0.03771397,  0.960001  ]],

       ...,

       [[-0.08058622, -0.02831668, -0.03843779, ..., -0.07025593,
         -0.07025593, -0.07025593],
        [-0.08058622, -0.02831668, -0.03843779, ..., -0.03391248,
         -0.03391248, -0.03391248],
        [-0.07951683, -0.0267169 , -0.03034595, ..., -0.05200273,
         -0.05200273, -0.05200273],
        ...,
        [-0.08058622, -0.02831668, -0.03843779, ...,  0.9923797 ,
         -0.00762027, -0.00762027],
        [-0.08058622, -0.02831668, -0.03843779, ..., -0.00762027,
          0.9923797 , -0.00762027],
        [-0.08058622, -0.02831668, -0.03843779, ..., -0.00762027,
         -0.00762027,  0.9923797 ]],

       [[-0.08082715, -0.02669775, -0.0398073 , ..., -0.0702235 ,
         -0.0702235 , -0.0702235 ],
        [-0.08082715, -0.02669775, -0.0398073 , ..., -0.03450098,
         -0.03450098, -0.03450098],
        [-0.07973297, -0.02511203, -0.03163032, ..., -0.05220233,
         -0.05220233, -0.05220233],
        ...,
        [-0.08082715, -0.02669775, -0.0398073 , ...,  0.99233526,
         -0.00766473, -0.00766473],
        [-0.08082715, -0.02669775, -0.0398073 , ..., -0.00766473,
          0.99233526, -0.00766473],
        [-0.08082715, -0.02669775, -0.0398073 , ..., -0.00766473,
         -0.00766473,  0.99233526]],

       [[-0.08087704, -0.02602769, -0.0401629 , ..., -0.07018606,
         -0.07018606, -0.07018606],
        [-0.08087704, -0.02602769, -0.0401629 , ..., -0.03477696,
         -0.03477696, -0.03477696],
        [-0.07977367, -0.02444865, -0.0319715 , ..., -0.05207773,
         -0.05207773, -0.05207773],
        ...,
        [-0.08087704, -0.02602769, -0.0401629 , ...,  0.9923352 ,
         -0.0076648 , -0.0076648 ],
        [-0.08087704, -0.02602769, -0.0401629 , ..., -0.0076648 ,
          0.9923352 , -0.0076648 ],
        [-0.08087704, -0.02602769, -0.0401629 , ..., -0.0076648 ,
         -0.0076648 ,  0.9923352 ]]], dtype=float32)
 array([[[-0.00312178, -0.01340073, -0.02623417, ...,  0.02733124,
          0.02733124,  0.02733124],
        [-0.00312178, -0.01340073, -0.02623417, ..., -0.02646756,
         -0.02646756, -0.02646756],
        [-0.00362727, -0.01341333, -0.02640929, ...,  0.01338722,
          0.01338722,  0.01338722],
        ...,
        [ 0.03276063,  0.0060456 , -0.0227292 , ...,  0.99836737,
         -0.00163266, -0.00163266],
        [ 0.03276063,  0.0060456 , -0.0227292 , ..., -0.00163266,
          0.99836737, -0.00163266],
        [ 0.03276063,  0.0060456 , -0.0227292 , ..., -0.00163266,
         -0.00163266,  0.99836737]],

       [[-0.00210945, -0.01338304, -0.02584081, ...,  0.02725372,
          0.02725372,  0.02725372],
        [-0.00210945, -0.01338304, -0.02584081, ..., -0.02657684,
         -0.02657684, -0.02657684],
        [-0.00210945, -0.01338304, -0.02584081, ...,  0.01330287,
          0.01330287,  0.01330287],
        ...,
        [ 0.03266672,  0.00592756, -0.02287764, ...,  0.99836755,
         -0.00163244, -0.00163244],
        [ 0.03266672,  0.00592756, -0.02287764, ..., -0.00163244,
          0.99836755, -0.00163244],
        [ 0.03266672,  0.00592756, -0.02287764, ..., -0.00163244,
         -0.00163244,  0.99836755]],

       [[-0.00261042, -0.0134057 , -0.02593007, ...,  0.02717354,
          0.02717354,  0.02717354],
        [-0.00261042, -0.0134057 , -0.02593007, ..., -0.02664906,
         -0.02664906, -0.02664906],
        [-0.00261042, -0.0134057 , -0.02593007, ...,  0.01325329,
          0.01325329,  0.01325329],
        ...,
        [ 0.0325602 ,  0.00579316, -0.02302371, ...,  0.99836963,
         -0.00163039, -0.00163039],
        [ 0.0325602 ,  0.00579316, -0.02302371, ..., -0.00163039,
          0.99836963, -0.00163039],
        [ 0.0325602 ,  0.00579316, -0.02302371, ..., -0.00163039,
         -0.00163039,  0.99836963]],

       ...,

       [[-0.00521091,  0.00136174, -0.01155573, ..., -0.09808347,
         -0.09808347, -0.09808347],
        [-0.00471007,  0.001188  , -0.01145357, ..., -0.0290429 ,
         -0.0290429 , -0.0290429 ],
        [-0.00420923,  0.00101426, -0.01135142, ...,  0.01122676,
          0.01122676,  0.01122676],
        ...,
        [-0.0900993 ,  0.03461652, -0.03568736, ...,  0.9895153 ,
         -0.01048471, -0.01048471],
        [-0.0900993 ,  0.03461652, -0.03568736, ..., -0.01048471,
          0.9895153 , -0.01048471],
        [-0.0900993 ,  0.03461652, -0.03568736, ..., -0.01048471,
         -0.01048471,  0.9895153 ]],

       [[-0.00646141, -0.00230453, -0.00911467, ...,  0.09904533,
          0.09904533,  0.09904533],
        [-0.00799991, -0.00274987, -0.00879071, ..., -0.03006324,
         -0.03006324, -0.03006324],
        [-0.00953841, -0.00319521, -0.00846676, ...,  0.00676752,
          0.00676752,  0.00676752],
        ...,
        [ 0.09226616,  0.03004091, -0.03666059, ...,  0.98926204,
         -0.01073796, -0.01073796],
        [ 0.09226616,  0.03004091, -0.03666059, ..., -0.01073796,
          0.98926204, -0.01073796],
        [ 0.09226616,  0.03004091, -0.03666059, ..., -0.01073796,
         -0.01073796,  0.98926204]],

       [[-0.00566881, -0.00236511, -0.00933077, ...,  0.10375851,
          0.10375851,  0.10375851],
        [-0.00620388, -0.00254706, -0.00923502, ..., -0.02725676,
         -0.02725676, -0.02725676],
        [-0.00673895, -0.00272901, -0.00913927, ...,  0.01042969,
          0.01042969,  0.01042969],
        ...,
        [ 0.09571925,  0.03592939, -0.03413155, ...,  0.988408  ,
         -0.01159198, -0.01159198],
        [ 0.09571925,  0.03592939, -0.03413155, ..., -0.01159198,
          0.988408  , -0.01159198],
        [ 0.09571925,  0.03592939, -0.03413155, ..., -0.01159198,
         -0.01159198,  0.988408  ]]], dtype=float32)]
S_fake is
[array([[43.79544  ,  8.758364 ,  5.053381 ],
       [41.474823 ,  8.634649 ,  4.851112 ],
       [37.994328 ,  8.368653 ,  4.462233 ],
       ...,
       [59.58693  ,  8.731713 ,  3.2417746],
       [67.20177  ,  9.025471 ,  3.4360607],
       [66.95413  ,  9.6172   ,  3.6589673]], dtype=float32)
 array([[36.673737  ,  4.0439296 ,  0.08653858],
       [28.36263   , 17.982912  ,  0.5676367 ],
       [28.312912  ,  7.8789873 ,  0.56474084],
       ...,
       [20.723064  , 18.681534  ,  1.6497607 ],
       [20.787766  , 18.55347   ,  1.6387719 ],
       [20.822779  , 18.516876  ,  1.6366963 ]], dtype=float32)
 array([[47.98569  , 13.779215 ,  4.766335 ],
       [48.12485  , 13.773348 ,  4.7655473],
       [48.283585 , 13.761389 ,  4.7704363],
       ...,
       [48.275097 , 12.124511 ,  2.8386254],
       [47.191185 , 12.254659 ,  2.8448534],
       [45.170597 , 12.114102 ,  2.8810282]], dtype=float32)]
V_fake is
[array([[[ 0.3996453 ,  0.6616276 ,  0.63445455],
        [-0.7161309 ,  0.6574051 , -0.23446752],
        [ 0.57222384,  0.3606487 , -0.73654085]],

       [[ 0.4046514 ,  0.65858984,  0.63444203],
        [-0.6951464 ,  0.6723021 , -0.25452188],
        [ 0.5941622 ,  0.33803743, -0.7298643 ]],

       [[ 0.41718784,  0.6522085 ,  0.63291264],
        [-0.66471976,  0.6938877 , -0.2768889 ],
        [ 0.6197596 ,  0.30519482, -0.7230174 ]],

       ...,

       [[ 0.64722097,  0.56487113,  0.5118844 ],
        [ 0.7251517 , -0.2491494 , -0.6419342 ],
        [ 0.23507445, -0.7866671 ,  0.570872  ]],

       [[ 0.65274954,  0.5686719 ,  0.50053   ],
        [ 0.7177131 , -0.252714  , -0.64886326],
        [ 0.24249937, -0.78278214,  0.57310224]],

       [[ 0.6559813 ,  0.5704963 ,  0.49418876],
        [ 0.7121271 , -0.25082624, -0.6557143 ],
        [ 0.25012705, -0.78206146,  0.5708032 ]]], dtype=float32)
 array([[[ 0.7058253 ,  0.70512116,  0.06793211],
        [ 0.0321246 ,  0.06393743, -0.9974367 ],
        [-0.70765716,  0.7061984 ,  0.02247692]],

       [[ 0.7077786 ,  0.69870985, -0.10418312],
        [-0.06070918, -0.08677222, -0.99437666],
        [-0.70382094,  0.71012336, -0.01899741]],

       [[ 0.37764546,  0.3713618 , -0.8482183 ],
        [-0.6168669 , -0.5822663 , -0.529567  ],
        [-0.6905499 ,  0.72322637,  0.00919058]],

       ...,

       [[ 0.6298187 ,  0.7113721 ,  0.31189454],
        [-0.20960046, -0.23099552,  0.95010984],
        [ 0.74792784, -0.66377014,  0.00361863]],

       [[ 0.62493014,  0.70709395,  0.3308783 ],
        [-0.22303972, -0.24445482,  0.9436605 ],
        [ 0.74814147, -0.6635209 ,  0.00494286]],

       [[ 0.6229121 ,  0.70532465,  0.33837497],
        [-0.22799946, -0.25007844,  0.9409979 ],
        [ 0.7483293 , -0.66330826,  0.00503675]]], dtype=float32)
 array([[[-0.55466914, -0.60374874, -0.57256407],
        [ 0.36836013,  0.43884173, -0.81959057],
        [-0.7460918 ,  0.66551137,  0.02101502]],

       [[-0.5545934 , -0.6030586 , -0.5733642 ],
        [ 0.36815143,  0.44011128, -0.8190034 ],
        [-0.7462511 ,  0.6652987 ,  0.02206593]],

       [[-0.5545129 , -0.6022538 , -0.57428724],
        [ 0.3679105 ,  0.4415765 , -0.8183227 ],
        [-0.7464297 ,  0.6650568 ,  0.02328439]],

       ...,

       [[-0.5306467 , -0.54885924, -0.64588517],
        [ 0.46398708,  0.44960237, -0.76326513],
        [-0.7093166 ,  0.7047065 , -0.01608359]],

       [[ 0.5354911 ,  0.5548164 ,  0.6367323 ],
        [ 0.45949683,  0.44118014, -0.77085847],
        [-0.70859855,  0.70536435, -0.01868833]],

       [[ 0.5289643 ,  0.5468825 ,  0.6489347 ],
        [ 0.46871516,  0.44919157, -0.7606136 ],
        [-0.7074623 ,  0.706503  , -0.01872583]]], dtype=float32)]
One of the shape in U_fake is (480, 640, 640)
One of the shape in S_fake is (480, 3)
One of the shape in V_fake is (480, 3, 3)
object float32


PS:

Read file <14251.err> for stderr output of this job.

